3857
28
8255
8182
9497
593
3404
527
110
405
1877
2147
9455
5992
5548
5485
9069
5954
6467
2782
9828
8701
8727
10045
3122
222
4932
3226
10019
4969
4490
5500
1759
2003
5636
2367
6728
406
587
2174
2413
1959
2451
1884
8880
1595
7939
2510
5220
754
2466
5481
5233
51
7038
8749
9843
5170
6172
1842
5796
3053
3354
4706
5167
3962
9708
5740
581
6820
4542
1187
8050
2580
5181
3568
2507
4738
1518
8282
1957
9254
1643
3023
1489
3950
3444
2263
7792
7712
9553
6093
2188
3941
9932
5985
6681
2327
1034
1150
3684
3981
4829
1120
3351
6895
3396
3188
4851
8360
8553
5513
2173
3450
4872
7547
5173
4994
4525
331
